Ac     O    0.00000    2.73260  0  1  1  0  1
Ac     F    0.00000    2.58646  0  1  1  0  1
Ac    Cl    0.00000    3.08646  0  1  1  0  1
Ac    Br    0.00000    3.22726  0  1  1  0  1
Ag     O    0.00000    2.81139  0  1  1  0  1
Ag     S    0.00000    3.08839  0  1  1  0  1
Ag     F    0.00000    2.76939  0  1  1  0  1
Ag    Cl    0.00000    3.05939  0  1  1  0  1
Ag    Br    0.00000    2.37642  0  1  1  0  1
Ag     I    0.00000    2.53642  0  1  1  0  1
Ag    Se    0.00000    2.41642  0  1  1  0  1
Ag    Te    0.00000    2.66642  0  1  1  0  1
Ag     N    0.00000    2.00642  0  1  1  0  1
Ag     P    0.00000    2.37642  0  1  1  0  1
Ag    As    0.00000    2.45642  0  1  1  0  1
Ag     H    0.00000    1.65642  0  1  1  0  1
Al     O    0.00000    2.10740  0  1  1  0  1
Al     S    0.00000    2.66646  0  1  1  0  1
Al    Se    0.00000    2.72646  0  1  1  0  1
Al    Te    0.00000    2.93646  0  1  1  0  1
Al     F    0.00000    2.00146  0  1  1  0  1
Al    Cl    0.00000    2.48846  0  1  1  0  1
Al    Br    0.00000    2.65646  0  1  1  0  1
Al     I    0.00000    2.86646  0  1  1  0  1
Al     N    0.00000    2.24646  0  1  1  0  1
Al     P    0.00000    2.69646  0  1  1  0  1
Al    As    0.00000    2.75646  0  1  1  0  1
Al     H    0.00000    1.90646  0  1  1  0  1
Am     O    0.00000    2.71649  0  1  1  0  1
Am     F    0.00000    2.61945  0  1  1  0  1
Am    Cl    0.00000    3.08945  0  1  1  0  1
Am    Br    0.00000    3.22944  0  1  1  0  1
As     S    0.00000    2.84649  0  1  1  0  1
As    Se    0.00000    2.98649  0  1  1  0  1
As     O    0.00000    2.24546  0  1  1  0  1
As    Te    0.00000    3.10646  0  1  1  0  1
As     F    0.00000    2.15646  0  1  1  0  1
As    Cl    0.00000    2.61646  0  1  1  0  1
As    Br    0.00000    2.80646  0  1  1  0  1
As     I    0.00000    3.03646  0  1  1  0  1
As     C    0.00000    2.38646  0  1  1  0  1
Au    Cl    0.00000    2.88295  0  1  1  0  1
Au     I    0.00000    3.21295  0  1  1  0  1
Au     O    0.00000    2.34646  0  1  1  0  1
Au     S    0.00000    2.83260  0  1  1  0  1
Au     F    0.00000    2.34646  0  1  1  0  1
Au    Br    0.00000    2.77646  0  1  1  0  1
Au     N    0.00000    2.38260  0  1  1  0  1
Au    Se    0.00000    2.22998  0  1  1  0  1
Au    Te    0.00000    2.45998  0  1  1  0  1
Au     P    0.00000    2.18998  0  1  1  0  1
Au    As    0.00000    2.26998  0  1  1  0  1
Au     H    0.00000    1.41998  0  1  1  0  1
 B     O    0.00000    1.82746  0  1  1  0  1
 B     S    0.00000    2.27646  0  1  1  0  1
 B    Se    0.00000    2.40646  0  1  1  0  1
 B    Te    0.00000    2.65646  0  1  1  0  1
 B     F    0.00000    1.76646  0  1  1  0  1
 B    Cl    0.00000    2.19646  0  1  1  0  1
 B    Br    0.00000    2.33646  0  1  1  0  1
 B     I    0.00000    2.55646  0  1  1  0  1
 B     N    0.00000    1.93846  0  1  1  0  1
 B     P    0.00000    2.37646  0  1  1  0  1
 B    As    0.00000    2.42646  0  1  1  0  1
 B     H    0.00000    1.59646  0  1  1  0  1
 B     B    0.00000    1.85846  0  1  1  0  1
Ba    Se    0.00000    3.74295  0  1  1  0  1
Ba    Te    0.00000    3.94295  0  1  1  0  1
Ba    Cl    0.00000    3.55295  0  1  1  0  1
Ba    Br    0.00000    3.74295  0  1  1  0  1
Ba     I    0.00000    3.99295  0  1  1  0  1
Ba     N    0.00000    3.33295  0  1  1  0  1
Ba     P    0.00000    3.48295  0  1  1  0  1
Ba    As    0.00000    3.69000  0  1  1  0  1
Ba     H    0.00000    3.08295  0  1  1  0  1
Be     O    0.00000    1.98749  0  1  1  0  1
Be     S    0.00000    2.43649  0  1  1  0  1
Be    Se    0.00000    2.57649  0  1  1  0  1
Be    Te    0.00000    2.81649  0  1  1  0  1
Be     F    0.00000    1.88749  0  1  1  0  1
Be    Cl    0.00000    2.36649  0  1  1  0  1
Be    Br    0.00000    2.50649  0  1  1  0  1
Be     I    0.00000    2.70649  0  1  1  0  1
Be     N    0.00000    2.10649  0  1  1  0  1
Be     P    0.00000    2.55649  0  1  1  0  1
Be    As    0.00000    2.60649  0  1  1  0  1
Be     H    0.00000    1.71649  0  1  1  0  1
Bi     O    0.00000    2.66080  0  1  1  0  1
Bi     S    0.00000    3.13291  0  1  1  0  1
Bi    Se    0.00000    3.24329  0  1  1  0  1
Bi     F    0.00000    2.55291  0  1  1  0  1
Bi    Cl    0.00000    3.04291  0  1  1  0  1
Bi    Br    0.00000    3.17993  0  1  1  0  1
Bi     I    0.00000    3.38291  0  1  1  0  1
Bi     N    0.00000    2.56329  0  1  1  0  1
Bi    Te    0.00000    3.02642  0  1  1  0  1
Bi     P    0.00000    2.78642  0  1  1  0  1
Bi    As    0.00000    2.87642  0  1  1  0  1
Bi     H    0.00000    2.12642  0  1  1  0  1
Bk     O    0.00000    2.64329  0  1  1  0  1
Bk     F    0.00000    2.54233  0  1  1  0  1
Bk    Cl    0.00000    3.02291  0  1  1  0  1
Bk    Br    0.00000    3.15233  0  1  1  0  1
Br     O    0.00000    2.35646  0  1  1  0  1
Br     F    0.00000    2.20646  0  1  1  0  1
Br    Cl    0.00000    2.33296  0  1  1  0  1
 C     O    0.00000    1.97249  0  2  1  0  1
 C    Cl    0.00000    2.11002  0  2  1  0  1
 C     C    0.00000    1.89002  0  2  0  0  1
 C     S    0.00000    2.15002  0  2  0  0  1
 C     F    0.00000    1.76002  0  2  1  0  1
 C    Br    0.00000    2.26002  0  2  1  0  1
 C     N    0.00000    1.79202  0  2  1  0  1
 C    Se    0.00000    2.01998  0  2  1  0  1
 C     I    0.00000    2.16998  0  2  1  0  1
 C    Te    0.00000    2.25998  0  1  1  0  1
 C     P    0.00000    1.93998  0  2  1  0  1
 C     H    0.00000    1.20000  0  1  0  0  1
Ca    Se    0.00000    3.42295  0  1  1  0  1
Ca    Te    0.00000    3.62295  0  1  1  0  1
Ca    Cl    0.00000    3.23295  0  1  1  0  1
Ca    Br    0.00000    3.36995  0  1  1  0  1
Ca     I    0.00000    3.58295  0  1  1  0  1
Ca     N    0.00000    3.00295  0  1  1  0  1
Ca     P    0.00000    3.41295  0  1  1  0  1
Ca    As    0.00000    3.48295  0  1  1  0  1
Ca     H    0.00000    2.69295  0  1  1  0  1
Cd     O    0.00000    2.76695  0  1  1  0  1
Cd     S    0.00000    3.16695  0  1  1  0  1
Cd    Se    0.00000    3.26295  0  1  1  0  1
Cd    Te    0.00000    3.45295  0  1  1  0  1
Cd     F    0.00000    2.67395  0  1  1  0  1
Cd    Cl    0.00000    3.09295  0  1  1  0  1
Cd    Br    0.00000    3.21295  0  1  1  0  1
Cd     I    0.00000    3.46295  0  1  1  0  1
Cd     N    0.00000    2.82295  0  1  1  0  1
Cd     P    0.00000    3.20295  0  1  1  0  1
Cd    As    0.00000    3.29295  0  1  1  0  1
Cd     H    0.00000    2.52295  0  1  1  0  1
Ce     O    0.00000    2.86393  0  1  1  0  1
Ce     S    0.00000    3.36293  0  1  1  0  1
Ce     F    0.00000    2.75452  0  1  1  0  1
Ce    Cl    0.00000    3.25293  0  1  1  0  1
Ce    Br    0.00000    3.40452  0  1  1  0  1
Ce     I    0.00000    3.62452  0  1  1  0  1
Ce     N    0.00000    2.78549  0  1  1  0  1
Ce    Se    0.00000    3.04644  0  1  1  0  1
Ce    Te    0.00000    3.22644  0  1  1  0  1
Ce     P    0.00000    3.00644  0  1  1  0  1
Ce    As    0.00000    3.08644  0  1  1  0  1
Ce     H    0.00000    2.34644  0  1  1  0  1
Cf     O    0.00000    2.63291  0  1  1  0  1
Cf     F    0.00000    2.53233  0  1  1  0  1
Cf    Cl    0.00000    3.01291  0  1  1  0  1
Cf    Br    0.00000    3.14233  0  1  1  0  1
Cl     O    0.00000    2.16646  0  1  1  0  1
Cl     F    0.00000    2.14646  0  1  1  0  1
Cl    Cl    0.00000    2.14296  0  1  1  0  1
Cm     O    0.00000    2.79291  0  1  1  0  1
Cm     F    0.00000    2.68291  0  1  1  0  1
Cm    Cl    0.00000    3.18291  0  1  1  0  1
Co     H    0.00000    1.92780  0  1  1  0  1
Co     O    0.00000    2.40493  0  1  1  0  1
Co     S    0.00000    2.65293  0  1  1  0  1
Co     F    0.00000    2.35293  0  1  1  0  1
Co    Cl    0.00000    2.74593  0  1  1  0  1
Co     N    0.00000    2.36293  0  1  1  0  1
Co     C    0.00000    2.19691  0  1  1  0  1
Co    Br    0.00000    2.33642  0  1  1  0  1
Co     I    0.00000    2.52878  0  1  1  0  1
Co    Se    0.00000    2.39642  0  1  1  0  1
Co    Te    0.00000    2.61642  0  1  1  0  1
Co     P    0.00000    2.36642  0  1  1  0  1
Co    As    0.00000    2.43642  0  1  1  0  1
Cr     O    0.00000    2.44293  0  1  1  0  1
Cr     F    0.00000    2.45293  0  1  1  0  1
Cr    Cl    0.00000    2.80293  0  1  1  0  1
Cr    Br    0.00000    2.97293  0  1  1  0  1
Cr     I    0.00000    3.19293  0  1  1  0  1
Cr     N    0.00000    2.51520  0  1  1  0  1
Cr     S    0.00000    2.72491  0  1  1  0  1
Cr    Se    0.00000    2.44642  0  1  1  0  1
Cr    Te    0.00000    2.67642  0  1  1  0  1
Cr     P    0.00000    2.42642  0  1  1  0  1
Cr    As    0.00000    2.49642  0  1  1  0  1
Cr     H    0.00000    1.67642  0  1  1  0  1
Cs     O    0.00000    3.53642  0  1  1  0  1
Cs     S    0.00000    4.24942  0  1  1  0  1
Cs    Se    0.00000    4.21655  0  1  1  0  1
Cs    Te    0.00000    4.46310  0  1  1  0  1
Cs    Cs    0.00000    3.49942  0  1  1  0  1
Cs    Cs    0.00000    3.91042  0  1  1  0  1
Cs    Cs    0.00000    4.06942  0  1  1  0  1
Cs    Cs    0.00000    4.40942  0  1  1  0  1
Cs     N    0.00000    3.94942  0  1  1  0  1
Cs     P    0.00000    3.64194  0  1  1  0  1
Cs    As    0.00000    4.15942  0  1  1  0  1
Cs     H    0.00000    3.55942  0  1  1  0  1
Cu     O    0.00000    2.47295  0  1  1  0  1
Cu     S    0.00000    2.76095  0  1  1  0  1
Cu    Se    0.00000    2.76295  0  1  1  0  1
Cu     F    0.00000    2.46295  0  1  1  0  1
Cu    Cl    0.00000    2.75295  0  1  1  0  1
Cu    Br    0.00000    2.89295  0  1  1  0  1
Cu     I    0.00000    3.01795  0  1  1  0  1
Cu     N    0.00000    2.49295  0  1  1  0  1
Cu     P    0.00000    2.65649  0  1  1  0  1
Cu    As    0.00000    2.71895  0  1  1  0  1
Cu     C    0.00000    2.32649  0  1  1  0  1
Cu    Te    0.00000    2.87649  0  1  1  0  1
Cu     H    0.00000    1.81649  0  1  1  0  1
Dy     O    0.00000    2.65651  0  1  1  0  1
Dy     F    0.00000    2.52944  0  1  1  0  1
Dy    Cl    0.00000    3.01945  0  1  1  0  1
Dy    Br    0.00000    3.16945  0  1  1  0  1
Dy     I    0.00000    3.39945  0  1  1  0  1
Dy     S    0.00000    2.82300  0  1  1  0  1
Dy    Se    0.00000    2.81000  0  1  1  0  1
Dy    Te    0.00000    3.22000  0  1  1  0  1
Dy     N    0.00000    2.38000  0  1  1  0  1
Dy     P    0.00000    2.77000  0  1  1  0  1
Dy    As    0.00000    3.14000  0  1  1  0  1
Dy     H    0.00000    2.09000  0  1  1  0  1
Er     O    0.00000    2.63651  0  1  1  0  1
Er     S    0.00000    3.27651  0  1  1  0  1
Er    Se    0.00000    3.18649  0  1  1  0  1
Er     F    0.00000    2.51049  0  1  1  0  1
Er    Cl    0.00000    2.99944  0  1  1  0  1
Er    Br    0.00000    3.14945  0  1  1  0  1
Er     I    0.00000    3.38945  0  1  1  0  1
Er    Te    0.00000    3.22000  0  1  1  0  1
Er     N    0.00000    2.36000  0  1  1  0  1
Er     P    0.00000    2.75000  0  1  1  0  1
Er    As    0.00000    3.18000  0  1  1  0  1
Er     H    0.00000    2.06000  0  1  1  0  1
Es     O    0.00000    2.70139  0  1  1  0  1
Eu     O    0.00000    2.94249  0  1  1  0  1
Eu     S    0.00000    3.37949  0  1  1  0  1
Eu     F    0.00000    2.83549  0  1  1  0  1
Eu    Cl    0.00000    3.32549  0  1  1  0  1
Eu    Br    0.00000    3.46549  0  1  1  0  1
Eu     I    0.00000    3.69549  0  1  1  0  1
Eu     N    0.00000    2.95549  0  1  1  0  1
Eu    Se    0.00000    2.89898  0  1  1  0  1
Eu    Te    0.00000    3.08898  0  1  1  0  1
Eu     P    0.00000    2.85898  0  1  1  0  1
Eu    As    0.00000    2.93898  0  1  1  0  1
Eu     H    0.00000    2.18898  0  1  1  0  1
Fe     O    0.00000    2.44693  0  1  1  0  1
Fe     S    0.00000    2.83793  0  1  1  0  1
Fe     F    0.00000    2.36293  0  1  1  0  1
Fe    Cl    0.00000    2.86293  0  1  1  0  1
Fe    Br    0.00000    2.89520  0  1  1  0  1
Fe     I    0.00000    3.15520  0  1  1  0  1
Fe     N    0.00000    2.48193  0  1  1  0  1
Fe     C    0.00000    2.25191  0  1  1  0  1
Fe    Se    0.00000    2.43642  0  1  1  0  1
Fe    Te    0.00000    2.68642  0  1  1  0  1
Fe     P    0.00000    2.42642  0  1  1  0  1
Fe    As    0.00000    2.50642  0  1  1  0  1
Fe     H    0.00000    1.68642  0  1  1  0  1
Ga    Se    0.00000    3.41295  0  1  1  0  1
Ga     O    0.00000    2.18646  0  1  1  0  1
Ga     S    0.00000    2.61946  0  1  1  0  1
Ga     F    0.00000    2.14646  0  1  1  0  1
Ga    Cl    0.00000    2.52646  0  1  1  0  1
Ga    Br    0.00000    2.64260  0  1  1  0  1
Ga     I    0.00000    2.91646  0  1  1  0  1
Ga    Te    0.00000    2.58998  0  1  1  0  1
Ga     N    0.00000    1.96000  0  1  1  0  1
Ga     P    0.00000    2.46998  0  1  1  0  1
Ga    As    0.00000    2.38998  0  1  1  0  1
Ga     H    0.00000    1.55998  0  1  1  0  1
Gd     O    0.00000    2.76651  0  1  1  0  1
Gd     F    0.00000    3.15651  0  1  1  0  1
Gd     S    0.00000    3.13649  0  1  1  0  1
Gd    Cl    0.00000    3.06349  0  1  1  0  1
Gd    Br    0.00000    3.19945  0  1  1  0  1
Gd     I    0.00000    3.41945  0  1  1  0  1
Gd    Se    0.00000    2.85000  0  1  1  0  1
Gd    Te    0.00000    3.24000  0  1  1  0  1
Gd     N    0.00000    2.42000  0  1  1  0  1
Gd     P    0.00000    2.81000  0  1  1  0  1
Gd    As    0.00000    3.18000  0  1  1  0  1
Gd     H    0.00000    2.13000  0  1  1  0  1
Ge     O    0.00000    2.09802  0  1  1  0  1
Ge     S    0.00000    2.56702  0  1  1  0  1
Ge    Se    0.00000    2.70002  0  1  1  0  1
Ge     F    0.00000    2.01002  0  1  1  0  1
Ge    Cl    0.00000    2.49002  0  1  1  0  1
Ge    Br    0.00000    2.34998  0  1  1  0  1
Ge     I    0.00000    2.54998  0  1  1  0  1
Ge    Te    0.00000    2.60998  0  1  1  0  1
Ge     N    0.00000    1.92998  0  1  1  0  1
Ge     P    0.00000    2.36998  0  1  1  0  1
Ge    As    0.00000    2.47998  0  1  1  0  1
Ge     H    0.00000    1.59998  0  1  1  0  1
Ge    Ge    0.00000    2.60000  0  1  1  0  1
 O     H    0.00000    1.20000  0  1  0  0  1
 H     O    1.20000    2.10000  0  0  0  0  5
 H     F    0.00000    1.10000  0  1  0  0  1
 H    Cl    0.00000    1.50000  0  1  0  0  1
 H     N    0.00000    1.20000  0  1  0  0  1
 O     D    0.00000    1.20000  0  1  0  0  1
 D     O    1.20000    2.10000  0  0  0  0  5
 D     F    0.00000    1.10000  0  1  0  0  1
 D    Cl    0.00000    1.50000  0  1  0  0  1
 D     N    0.00000    1.20000  0  1  0  0  1
Hf     F    0.00000    3.18291  0  1  1  0  1
Hf     O    0.00000    2.37946  0  1  1  0  1
Hf    Cl    0.00000    2.75646  0  1  1  0  1
Hf    Br    0.00000    2.62642  0  1  1  0  1
Hf     S    0.00000    2.64642  0  1  1  0  1
Hf    Se    0.00000    2.67642  0  1  1  0  1
Hf    Te    0.00000    2.87642  0  1  1  0  1
Hf     I    0.00000    2.83642  0  1  1  0  1
Hf     N    0.00000    2.24642  0  1  1  0  1
Hf     P    0.00000    2.63642  0  1  1  0  1
Hf    As    0.00000    2.71642  0  1  1  0  1
Hf     H    0.00000    1.93642  0  1  1  0  1
Hg     O    0.00000    2.86939  0  1  1  0  1
Hg     F    0.00000    2.88293  0  1  1  0  1
Hg    Cl    0.00000    3.24939  0  1  1  0  1
Hg     S    0.00000    3.42093  0  1  1  0  1
Hg    Br    0.00000    3.09293  0  1  1  0  1
Hg     I    0.00000    3.33293  0  1  1  0  1
Hg    Se    0.00000    2.82642  0  1  1  0  1
Hg    Te    0.00000    2.76642  0  1  1  0  1
Hg     N    0.00000    2.17642  0  1  1  0  1
Hg     P    0.00000    2.57642  0  1  1  0  1
Hg    As    0.00000    2.65642  0  1  1  0  1
Hg     H    0.00000    1.86642  0  1  1  0  1
Hg    Hg    0.00000    3.19520  0  1  1  0  1
Ho     O    0.00000    2.67047  0  1  1  0  1
Ho     S    0.00000    3.13547  0  1  1  0  1
Ho     F    0.00000    2.56159  0  1  1  0  1
Ho    Cl    0.00000    3.05159  0  1  1  0  1
Ho    Br    0.00000    3.20159  0  1  1  0  1
Ho     I    0.00000    3.44159  0  1  1  0  1
Ho    Se    0.00000    2.84898  0  1  1  0  1
Ho    Te    0.00000    3.03898  0  1  1  0  1
Ho     N    0.00000    2.41898  0  1  1  0  1
Ho     P    0.00000    2.79898  0  1  1  0  1
Ho    As    0.00000    2.87898  0  1  1  0  1
Ho     H    0.00000    2.11898  0  1  1  0  1
 I     I    0.00000    2.40000  0  1  1  0  1
 I     F    0.00000    3.18295  0  1  1  0  1
 I    Cl    0.00000    3.33295  0  1  1  0  1
 I     O    0.00000    2.47646  0  1  1  0  1
In    Cl    0.00000    3.52939  0  1  1  0  1
In     O    0.00000    2.46491  0  1  1  0  1
In     S    0.00000    2.93291  0  1  1  0  1
In     F    0.00000    2.35491  0  1  1  0  1
In    Br    0.00000    3.05329  0  1  1  0  1
In     I    0.00000    3.19291  0  1  1  0  1
In    Co    0.00000    3.13629  0  1  1  0  1
In    Mn    0.00000    3.14729  0  1  1  0  1
In    Se    0.00000    2.62642  0  1  1  0  1
In    Te    0.00000    2.84642  0  1  1  0  1
In     N    0.00000    2.18642  0  1  1  0  1
In     P    0.00000    2.68642  0  1  1  0  1
In    As    0.00000    2.66642  0  1  1  0  1
In     H    0.00000    1.87642  0  1  1  0  1
Ir     O    0.00000    2.27746  0  1  1  0  1
Ir     F    0.00000    2.15002  0  1  1  0  1
Ir    Cl    0.00000    2.56746  0  1  1  0  1
Ir     S    0.00000    2.42998  0  1  1  0  1
Ir    Se    0.00000    2.55998  0  1  1  0  1
Ir    Te    0.00000    2.75998  0  1  1  0  1
Ir    Br    0.00000    2.49998  0  1  1  0  1
Ir     I    0.00000    2.70998  0  1  1  0  1
Ir     N    0.00000    2.10998  0  1  1  0  1
Ir     P    0.00000    2.50998  0  1  1  0  1
Ir    As    0.00000    2.58998  0  1  1  0  1
Ir     H    0.00000    1.80998  0  1  1  0  1
 K     O    0.00000    3.25142  0  1  1  0  1
 K     S    0.00000    3.79285  0  1  1  0  1
 K    Se    0.00000    4.00186  0  1  1  0  1
 K    Te    0.00000    4.23284  0  1  1  0  1
 K     F    0.00000    3.11142  0  1  1  0  1
 K    Cl    0.00000    3.65976  0  1  1  0  1
 K    Br    0.00000    3.85130  0  1  1  0  1
 K     I    0.00000    4.11717  0  1  1  0  1
 K     N    0.00000    3.41942  0  1  1  0  1
 K     P    0.00000    3.44942  0  1  1  0  1
 K    As    0.00000    3.94942  0  1  1  0  1
 K     H    0.00000    3.21942  0  1  1  0  1
Kr     F    0.00000    2.67549  0  1  1  0  1
La     S    0.00000    3.35593  0  1  1  0  1
La    Se    0.00000    3.45293  0  1  1  0  1
La    Te    0.00000    3.65293  0  1  1  0  1
La     F    0.00000    2.79293  0  1  1  0  1
La    Cl    0.00000    3.33452  0  1  1  0  1
La    Br    0.00000    3.43293  0  1  1  0  1
La     I    0.00000    3.64293  0  1  1  0  1
La     N    0.00000    3.05293  0  1  1  0  1
La     P    0.00000    3.32293  0  1  1  0  1
La    As    0.00000    3.51293  0  1  1  0  1
La     H    0.00000    2.77293  0  1  1  0  1
Li     O    0.00000    2.60087  0  1  1  0  1
Li     S    0.00000    3.02481  0  1  1  0  1
Li    Se    0.00000    3.24330  0  1  1  0  1
Li    Te    0.00000    3.42496  0  1  1  0  1
Li     F    0.00000    2.34276  0  1  1  0  1
Li    Cl    0.00000    2.91814  0  1  1  0  1
Li    Br    0.00000    3.11654  0  1  1  0  1
Li     I    0.00000    3.37676  0  1  1  0  1
Li     N    0.00000    2.66213  0  1  1  0  1
Lu     O    0.00000    2.57749  0  1  1  0  1
Lu     S    0.00000    3.03649  0  1  1  0  1
Lu    Se    0.00000    3.16649  0  1  1  0  1
Lu    Te    0.00000    3.35649  0  1  1  0  1
Lu     F    0.00000    2.48249  0  1  1  0  1
Lu    Cl    0.00000    2.96944  0  1  1  0  1
Lu    Br    0.00000    3.11945  0  1  1  0  1
Lu     I    0.00000    3.36945  0  1  1  0  1
Lu     N    0.00000    2.71649  0  1  1  0  1
Lu     P    0.00000    3.11649  0  1  1  0  1
Lu    As    0.00000    3.19649  0  1  1  0  1
Lu     H    0.00000    2.42649  0  1  1  0  1
Mg     O    0.00000    2.41824  0  1  1  0  1
Mg     S    0.00000    2.89293  0  1  1  0  1
Mg    Se    0.00000    3.03293  0  1  1  0  1
Mg    Te    0.00000    3.24293  0  1  1  0  1
Mg     F    0.00000    2.29093  0  1  1  0  1
Mg    Cl    0.00000    2.79293  0  1  1  0  1
Mg    Br    0.00000    2.99293  0  1  1  0  1
Mg     I    0.00000    3.17293  0  1  1  0  1
Mg     N    0.00000    2.56293  0  1  1  0  1
Mg     P    0.00000    3.00293  0  1  1  0  1
Mg    As    0.00000    3.09293  0  1  1  0  1
Mg     H    0.00000    2.24293  0  1  1  0  1
Mn     O    0.00000    2.51652  0  1  1  0  1
Mn     S    0.00000    2.93293  0  1  1  0  1
Mn     F    0.00000    2.41093  0  1  1  0  1
Mn    Cl    0.00000    2.84593  0  1  1  0  1
Mn    Br    0.00000    3.05293  0  1  1  0  1
Mn     I    0.00000    3.23293  0  1  1  0  1
Mn     N    0.00000    2.56193  0  1  1  0  1
Mn    Se    0.00000    2.47642  0  1  1  0  1
Mn    Te    0.00000    2.70642  0  1  1  0  1
Mn     P    0.00000    2.39642  0  1  1  0  1
Mn    As    0.00000    2.51642  0  1  1  0  1
Mn     H    0.00000    1.70642  0  1  1  0  1
Mo     S    0.00000    2.80067  0  1  1  0  1
Mo    Cl    0.00000    2.80447  0  1  1  0  1
Mo     O    0.00000    2.34750  0  1  1  0  1
Mo     F    0.00000    2.29980  0  1  1  0  1
Mo    Br    0.00000    2.85350  0  1  1  0  1
Mo     N    0.00000    2.47350  0  1  1  0  1
Mo     I    0.00000    2.74701  0  1  1  0  1
Mo    Se    0.00000    2.59701  0  1  1  0  1
Mo    Te    0.00000    2.79701  0  1  1  0  1
Mo     P    0.00000    2.54701  0  1  1  0  1
Mo    As    0.00000    2.62701  0  1  1  0  1
Mo     H    0.00000    1.83701  0  1  1  0  1
 N     O    0.00000    1.81746  0  1  1  0  1
 N     F    0.00000    1.82646  0  1  1  0  1
 N    Cl    0.00000    2.20646  0  1  1  0  1
 N     N    0.00000    1.88260  0  1  1  0  1
Na     O    0.00000    2.95693  0  1  1  0  1
Na     S    0.00000    3.57685  0  1  1  0  1
Na    Se    0.00000    3.71593  0  1  1  0  1
Na    Te    0.00000    3.95459  0  1  1  0  1
Na     F    0.00000    2.80398  0  1  1  0  1
Na    Cl    0.00000    3.39412  0  1  1  0  1
Na    Br    0.00000    3.57715  0  1  1  0  1
Na     I    0.00000    3.88251  0  1  1  0  1
Na     N    0.00000    3.12942  0  1  1  0  1
Na     P    0.00000    3.47942  0  1  1  0  1
Na    As    0.00000    3.64942  0  1  1  0  1
Na     H    0.00000    2.79942  0  1  1  0  1
Nb     O    0.00000    2.45329  0  1  1  0  1
Nb     F    0.00000    2.35646  0  1  1  0  1
Nb    Cl    0.00000    2.76291  0  1  1  0  1
Nb    Br    0.00000    3.07646  0  1  1  0  1
Nb     N    0.00000    2.46046  0  1  1  0  1
Nb     I    0.00000    3.14390  0  1  1  0  1
Nb     S    0.00000    2.74000  0  1  1  0  1
Nb    Se    0.00000    2.66642  0  1  1  0  1
Nb    Te    0.00000    2.85642  0  1  1  0  1
Nb     P    0.00000    2.61642  0  1  1  0  1
Nb    As    0.00000    2.69642  0  1  1  0  1
Nb     H    0.00000    1.90642  0  1  1  0  1
Nd     O    0.00000    2.85870  0  1  1  0  1
Nd     S    0.00000    3.42712  0  1  1  0  1
Nd    Se    0.00000    3.42293  0  1  1  0  1
Nd    Te    0.00000    3.60293  0  1  1  0  1
Nd     F    0.00000    2.73452  0  1  1  0  1
Nd    Cl    0.00000    3.22493  0  1  1  0  1
Nd    Br    0.00000    3.37293  0  1  1  0  1
Nd     I    0.00000    3.59452  0  1  1  0  1
Nd     N    0.00000    3.01293  0  1  1  0  1
NH     O    0.00000    3.08895  0  1  1  0  1
NH     F    0.00000    2.99195  0  1  1  0  1
NH    Cl    0.00000    3.48195  0  1  1  0  1
Ni     O    0.00000    2.28149  0  1  1  0  1
Ni     S    0.00000    2.58649  0  1  1  0  1
Ni     F    0.00000    2.20249  0  1  1  0  1
Ni    Cl    0.00000    2.62649  0  1  1  0  1
Ni    Br    0.00000    2.80649  0  1  1  0  1
Ni     I    0.00000    3.00649  0  1  1  0  1
Ni     N    0.00000    2.30649  0  1  1  0  1
Ni    Se    0.00000    2.18998  0  1  1  0  1
Ni    Te    0.00000    2.47998  0  1  1  0  1
Ni     P    0.00000    2.31998  0  1  1  0  1
Ni    As    0.00000    2.28998  0  1  1  0  1
Ni     H    0.00000    1.44998  0  1  1  0  1
Np     F    0.00000    2.59233  0  1  1  0  1
Np    Cl    0.00000    3.07233  0  1  1  0  1
Np     S    0.00000    3.20000  0  1  1  0  1
Np    Br    0.00000    3.21233  0  1  1  0  1
Np     I    0.00000    3.44233  0  1  1  0  1
Np     O    0.00000    2.63646  0  1  1  0  1
 O     O    0.00000    1.70000  0  1  0  0  1
Os     O    0.00000    2.23000  0  1  1  0  1
Os     S    0.00000    2.56002  0  1  1  0  1
Os     F    0.00000    2.07746  0  1  1  0  1
Os    Cl    0.00000    2.54002  0  1  1  0  1
Os    Br    0.00000    2.72002  0  1  1  0  1
 P     O    0.00000    2.08646  0  1  1  0  1
 P     S    0.00000    2.57646  0  1  1  0  1
 P    Se    0.00000    2.69646  0  1  1  0  1
 P     F    0.00000    2.01002  0  1  1  0  1
 P    Cl    0.00000    2.28746  0  1  1  0  1
 P    Br    0.00000    2.44293  0  1  1  0  1
 P     N    0.00000    1.97146  0  1  1  0  1
 P     I    0.00000    2.44998  0  1  1  0  1
 P     P    0.00000    2.48381  0  1  1  0  1
 P    As    0.00000    2.29998  0  1  1  0  1
 P     H    0.00000    1.45998  0  1  1  0  1
Pa     O    0.00000    2.63383  0  1  1  0  1
Pa     F    0.00000    2.54437  0  1  1  0  1
Pa    Cl    0.00000    3.01437  0  1  1  0  1
Pa    Br    0.00000    3.18437  0  1  1  0  1
Pb     O    0.00000    3.04096  0  1  1  0  1
Pb     S    0.00000    3.40395  0  1  1  0  1
Pb    Se    0.00000    3.55295  0  1  1  0  1
Pb     F    0.00000    2.92045  0  1  1  0  1
Pb    Cl    0.00000    3.39295  0  1  1  0  1
Pb    Br    0.00000    3.62451  0  1  1  0  1
Pb     I    0.00000    3.69562  0  1  1  0  1
Pb     N    0.00000    3.09670  0  1  1  0  1
Pb    Te    0.00000    3.14644  0  1  1  0  1
Pb     P    0.00000    2.94644  0  1  1  0  1
Pb    As    0.00000    3.02644  0  1  1  0  1
Pb     H    0.00000    2.27644  0  1  1  0  1
Pd     O    0.00000    2.39849  0  1  1  0  1
Pd     S    0.00000    2.69649  0  1  1  0  1
Pd     F    0.00000    2.34649  0  1  1  0  1
Pd    Cl    0.00000    2.65649  0  1  1  0  1
Pd    Br    0.00000    2.80649  0  1  1  0  1
Pd     I    0.00000    2.96649  0  1  1  0  1
Pd     N    0.00000    2.40451  0  1  1  0  1
Pd     C    0.00000    2.33649  0  1  1  0  1
Pd    Se    0.00000    2.26998  0  1  1  0  1
Pd    Te    0.00000    2.52998  0  1  1  0  1
Pd     P    0.00000    2.46998  0  1  1  0  1
Pd    As    0.00000    2.34998  0  1  1  0  1
Pd     H    0.00000    1.51998  0  1  1  0  1
Pm     F    0.00000    2.55233  0  1  1  0  1
Pm    Cl    0.00000    3.41233  0  1  1  0  1
Pm    Br    0.00000    3.18233  0  1  1  0  1
Po     O    0.00000    2.64646  0  1  1  0  1
Po     F    0.00000    2.83646  0  1  1  0  1
Pr     O    0.00000    2.74449  0  1  1  0  1
Pr     S    0.00000    3.20649  0  1  1  0  1
Pr    Se    0.00000    3.32649  0  1  1  0  1
Pr    Te    0.00000    3.50649  0  1  1  0  1
Pr     F    0.00000    2.62945  0  1  1  0  1
Pr    Cl    0.00000    3.12749  0  1  1  0  1
Pr    Br    0.00000    3.27649  0  1  1  0  1
Pr     I    0.00000    3.49649  0  1  1  0  1
Pr     N    0.00000    2.90649  0  1  1  0  1
Pr     P    0.00000    3.28649  0  1  1  0  1
Pr    As    0.00000    3.35649  0  1  1  0  1
Pr     H    0.00000    2.62649  0  1  1  0  1
Pt     O    0.00000    2.40649  0  1  1  0  1
Pt     S    0.00000    2.76649  0  1  1  0  1
Pt     F    0.00000    2.54002  0  1  1  0  1
Pt    Cl    0.00000    2.75646  0  1  1  0  1
Pt    Br    0.00000    2.94191  0  1  1  0  1
Pt     C    0.00000    2.36649  0  1  1  0  1
Pt     N    0.00000    2.41649  0  1  1  0  1
Pt     I    0.00000    2.41998  0  1  1  0  1
Pt    Se    0.00000    2.23998  0  1  1  0  1
Pt    Te    0.00000    2.49998  0  1  1  0  1
Pt     P    0.00000    2.23998  0  1  1  0  1
Pt    As    0.00000    2.30998  0  1  1  0  1
Pt     H    0.00000    1.44998  0  1  1  0  1
Pu     O    0.00000    2.68329  0  1  1  0  1
Pu     F    0.00000    2.58233  0  1  1  0  1
Pu    Cl    0.00000    3.05233  0  1  1  0  1
Pu     S    0.00000    3.30000  0  1  1  0  1
Pu    Br    0.00000    3.19233  0  1  1  0  1
Pu     I    0.00000    3.43233  0  1  1  0  1
Rb     O    0.00000    3.43945  0  1  1  0  1
Rb     S    0.00000    3.97645  0  1  1  0  1
Rb    Se    0.00000    4.13773  0  1  1  0  1
Rb    Te    0.00000    4.28802  0  1  1  0  1
Rb     F    0.00000    3.37645  0  1  1  0  1
Rb    Cl    0.00000    3.86664  0  1  1  0  1
Rb    Br    0.00000    4.05498  0  1  1  0  1
Rb     I    0.00000    4.33462  0  1  1  0  1
Rb     N    0.00000    3.79645  0  1  1  0  1
Rb     P    0.00000    3.50645  0  1  1  0  1
Rb    As    0.00000    4.04645  0  1  1  0  1
Rb     H    0.00000    3.43645  0  1  1  0  1
Re    Cl    0.00000    3.44712  0  1  1  0  1
Re     O    0.00000    2.34260  0  1  1  0  1
Re     F    0.00000    2.16002  0  1  1  0  1
Re    Br    0.00000    2.70002  0  1  1  0  1
Re     I    0.00000    2.65998  0  1  1  0  1
Re     S    0.00000    2.61998  0  1  1  0  1
Re    Se    0.00000    2.54998  0  1  1  0  1
Re    Te    0.00000    2.74998  0  1  1  0  1
Re     N    0.00000    2.10998  0  1  1  0  1
Re     P    0.00000    2.50998  0  1  1  0  1
Re    As    0.00000    2.61998  0  1  1  0  1
Re     H    0.00000    1.79998  0  1  1  0  1
Rh     O    0.00000    2.24946  0  1  1  0  1
Rh     F    0.00000    2.16646  0  1  1  0  1
Rh    Cl    0.00000    2.62646  0  1  1  0  1
Rh    Br    0.00000    2.71260  0  1  1  0  1
Rh     N    0.00000    2.26260  0  1  1  0  1
Rh     I    0.00000    2.52998  0  1  1  0  1
Rh     S    0.00000    2.19998  0  1  1  0  1
Rh    Se    0.00000    2.37998  0  1  1  0  1
Rh    Te    0.00000    2.59998  0  1  1  0  1
Rh     P    0.00000    2.43998  0  1  1  0  1
Rh    As    0.00000    2.41998  0  1  1  0  1
Rh     H    0.00000    1.59998  0  1  1  0  1
Ru    Se    0.00000    2.69451  0  1  1  0  1
Ru     F    0.00000    2.57646  0  1  1  0  1
Ru     O    0.00000    2.22646  0  1  1  0  1
Ru     S    0.00000    2.64260  0  1  1  0  1
Ru    Cl    0.00000    2.70646  0  1  1  0  1
Ru     N    0.00000    2.26260  0  1  1  0  1
Ru    Br    0.00000    2.30998  0  1  1  0  1
Ru     I    0.00000    2.52998  0  1  1  0  1
Ru    Te    0.00000    2.58998  0  1  1  0  1
Ru     P    0.00000    2.33998  0  1  1  0  1
Ru    As    0.00000    2.40998  0  1  1  0  1
Ru     H    0.00000    1.65998  0  1  1  0  1
 S     O    0.00000    1.80000  0  1  1  0  1
 S     S    0.00000    2.20000  0  1  1  0  1
 S     N    0.00000    2.28849  0  1  1  0  1
 S     F    0.00000    1.95002  0  1  1  0  1
 S    Cl    0.00000    2.37002  0  1  1  0  1
 S    Br    0.00000    2.21998  0  1  1  0  1
 S     I    0.00000    2.40998  0  1  1  0  1
 S     H    0.00000    1.42998  0  1  1  0  1
Sb     O    0.00000    2.45237  0  1  1  0  1
Sb     S    0.00000    3.05000  0  1  1  0  1
Sb    Se    0.00000    3.05646  0  1  1  0  1
Sb     F    0.00000    2.35646  0  1  1  0  1
Sb    Cl    0.00000    2.80646  0  1  1  0  1
Sb    Br    0.00000    2.96646  0  1  1  0  1
Sb     I    0.00000    3.21646  0  1  1  0  1
Sb     N    0.00000    2.56446  0  1  1  0  1
Sb    Te    0.00000    2.82998  0  1  1  0  1
Sb     P    0.00000    2.56998  0  1  1  0  1
Sb    As    0.00000    2.64998  0  1  1  0  1
Sb     H    0.00000    2.81998  0  1  1  0  1
Sc     O    0.00000    2.42029  0  1  1  0  1
Sc     S    0.00000    2.88391  0  1  1  0  1
Sc    Se    0.00000    3.00291  0  1  1  0  1
Sc    Te    0.00000    3.20291  0  1  1  0  1
Sc     F    0.00000    2.32291  0  1  1  0  1
Sc    Cl    0.00000    2.92291  0  1  1  0  1
Sc    Br    0.00000    2.94291  0  1  1  0  1
Sc     I    0.00000    3.15291  0  1  1  0  1
Sc     N    0.00000    2.54291  0  1  1  0  1
Sc     P    0.00000    2.96291  0  1  1  0  1
Sc    As    0.00000    3.04291  0  1  1  0  1
Sc     H    0.00000    2.24291  0  1  1  0  1
Se     S    0.00000    2.81649  0  1  1  0  1
Se    Se    0.00000    2.93649  0  1  1  0  1
Se     O    0.00000    2.16102  0  1  1  0  1
Se     F    0.00000    2.08002  0  1  1  0  1
Se    Cl    0.00000    2.57002  0  1  1  0  1
Se    Br    0.00000    2.78002  0  1  1  0  1
Se     N    0.00000    2.10000  0  1  1  0  1
Se     I    0.00000    2.58998  0  1  1  0  1
Se     H    0.00000    1.58998  0  1  1  0  1
Si     O    0.00000    1.99002  0  1  1  0  1
Si     S    0.00000    2.47602  0  1  1  0  1
Si    Se    0.00000    2.61002  0  1  1  0  1
Si    Te    0.00000    2.84002  0  1  1  0  1
Si     F    0.00000    1.93002  0  1  1  0  1
Si    Cl    0.00000    2.38002  0  1  1  0  1
Si    Br    0.00000    2.55002  0  1  1  0  1
Si     I    0.00000    2.76002  0  1  1  0  1
Si     C    0.00000    2.23302  0  1  1  0  1
Si     N    0.00000    2.12002  0  1  1  0  1
Si     P    0.00000    2.58002  0  1  1  0  1
Si    As    0.00000    2.66002  0  1  1  0  1
Si     H    0.00000    1.82002  0  1  1  0  1
Si    Si    0.00000    2.60000  0  1  1  0  1
Sm     O    0.00000    2.88251  0  1  1  0  1
Sm     N    0.00000    3.02351  0  1  1  0  1
Sm     S    0.00000    3.15649  0  1  1  0  1
Sm    Se    0.00000    3.27649  0  1  1  0  1
Sm    Te    0.00000    3.46649  0  1  1  0  1
Sm     F    0.00000    2.60649  0  1  1  0  1
Sm    Cl    0.00000    3.08749  0  1  1  0  1
Sm    Br    0.00000    3.26649  0  1  1  0  1
Sm     I    0.00000    3.44649  0  1  1  0  1
Sm     P    0.00000    3.23649  0  1  1  0  1
Sm    As    0.00000    3.30649  0  1  1  0  1
Sm     H    0.00000    2.56649  0  1  1  0  1
Sn     O    0.00000    2.82146  0  1  1  0  1
Sn     S    0.00000    3.15293  0  1  1  0  1
Sn     F    0.00000    2.63793  0  1  1  0  1
Sn    Cl    0.00000    3.13111  0  1  1  0  1
Sn    Br    0.00000    3.21520  0  1  1  0  1
Sn     I    0.00000    3.52293  0  1  1  0  1
Sn     N    0.00000    2.71520  0  1  1  0  1
Sn    Se    0.00000    2.96646  0  1  1  0  1
Sn    Te    0.00000    2.91642  0  1  1  0  1
Sn     P    0.00000    2.60642  0  1  1  0  1
Sn    As    0.00000    2.77642  0  1  1  0  1
Sn     H    0.00000    2.00642  0  1  1  0  1
Sr    Se    0.00000    3.58295  0  1  1  0  1
Sr    Te    0.00000    3.73295  0  1  1  0  1
Sr    Cl    0.00000    3.37295  0  1  1  0  1
Sr    Br    0.00000    3.54295  0  1  1  0  1
Sr     I    0.00000    3.74295  0  1  1  0  1
Sr     N    0.00000    3.09295  0  1  1  0  1
Sr     P    0.00000    3.43295  0  1  1  0  1
Sr    As    0.00000    3.62295  0  1  1  0  1
Sr     H    0.00000    2.87295  0  1  1  0  1
Ta     O    0.00000    2.74646  0  1  1  0  1
Ta     S    0.00000    2.84390  0  1  1  0  1
Ta     F    0.00000    2.25390  0  1  1  0  1
Ta    Cl    0.00000    2.67390  0  1  1  0  1
Ta    Br    0.00000    2.60642  0  1  1  0  1
Ta     I    0.00000    2.81642  0  1  1  0  1
Ta    Se    0.00000    2.66642  0  1  1  0  1
Ta    Te    0.00000    2.85642  0  1  1  0  1
Ta     N    0.00000    2.16642  0  1  1  0  1
Ta     P    0.00000    2.62642  0  1  1  0  1
Ta    As    0.00000    2.70642  0  1  1  0  1
Ta     H    0.00000    1.91642  0  1  1  0  1
Tb     O    0.00000    2.65549  0  1  1  0  1
Tb     S    0.00000    3.11649  0  1  1  0  1
Tb    Se    0.00000    3.23649  0  1  1  0  1
Tb    Te    0.00000    3.42649  0  1  1  0  1
Tb     F    0.00000    2.54249  0  1  1  0  1
Tb    Cl    0.00000    3.04349  0  1  1  0  1
Tb    Br    0.00000    3.18649  0  1  1  0  1
Tb     I    0.00000    3.40945  0  1  1  0  1
Tb     N    0.00000    2.80649  0  1  1  0  1
Tb     P    0.00000    3.19649  0  1  1  0  1
Tb    As    0.00000    3.26649  0  1  1  0  1
Tb     H    0.00000    2.51649  0  1  1  0  1
Tc     O    0.00000    2.22446  0  1  1  0  1
Tc     F    0.00000    2.24219  0  1  1  0  1
Tc    Cl    0.00000    2.56002  0  1  1  0  1
Te     O    0.00000    2.33340  0  1  1  0  1
Te     S    0.00000    2.79002  0  1  1  0  1
Te     F    0.00000    2.22002  0  1  1  0  1
Te    Cl    0.00000    2.73906  0  1  1  0  1
Te    Br    0.00000    2.90002  0  1  1  0  1
Te     I    0.00000    3.13702  0  1  1  0  1
Te    Se    0.00000    2.57998  0  1  1  0  1
Te    Te    0.00000    2.80998  0  1  1  0  1
Te     N    0.00000    2.16998  0  1  1  0  1
Te     P    0.00000    2.56998  0  1  1  0  1
Te     H    0.00000    1.87998  0  1  1  0  1
Th     O    0.00000    2.77349  0  1  1  0  1
Th     S    0.00000    3.24649  0  1  1  0  1
Th    Se    0.00000    3.36649  0  1  1  0  1
Th    Te    0.00000    3.54649  0  1  1  0  1
Th     F    0.00000    2.68945  0  1  1  0  1
Th    Cl    0.00000    3.15945  0  1  1  0  1
Th    Br    0.00000    3.31945  0  1  1  0  1
Th     I    0.00000    3.56649  0  1  1  0  1
Th     N    0.00000    2.94649  0  1  1  0  1
Th     P    0.00000    3.33649  0  1  1  0  1
Th    As    0.00000    3.40649  0  1  1  0  1
Th     H    0.00000    2.67649  0  1  1  0  1
Ti     F    0.00000    2.86293  0  1  1  0  1
Ti    Cl    0.00000    3.02293  0  1  1  0  1
Ti    Br    0.00000    3.20293  0  1  1  0  1
Ti     O    0.00000    2.35391  0  1  1  0  1
Ti     S    0.00000    2.74646  0  1  1  0  1
Ti     I    0.00000    3.08291  0  1  1  0  1
Ti    Se    0.00000    2.53642  0  1  1  0  1
Ti    Te    0.00000    2.95642  0  1  1  0  1
Ti     N    0.00000    2.08642  0  1  1  0  1
Ti     P    0.00000    2.51642  0  1  1  0  1
Ti    As    0.00000    2.87642  0  1  1  0  1
Ti     H    0.00000    1.76642  0  1  1  0  1
Tl     O    0.00000    3.36945  0  1  1  0  1
Tl     S    0.00000    3.66442  0  1  1  0  1
Tl     F    0.00000    3.26942  0  1  1  0  1
Tl    Cl    0.00000    3.72942  0  1  1  0  1
Tl    Br    0.00000    3.80942  0  1  1  0  1
Tl     I    0.00000    3.94142  0  1  1  0  1
Tl    Se    0.00000    3.00644  0  1  1  0  1
Tl    Te    0.00000    3.23644  0  1  1  0  1
Tl     N    0.00000    2.59644  0  1  1  0  1
Tl     P    0.00000    3.01644  0  1  1  0  1
Tl    As    0.00000    3.09644  0  1  1  0  1
Tl     H    0.00000    2.35644  0  1  1  0  1
Tm     O    0.00000    2.60649  0  1  1  0  1
Tm     S    0.00000    3.05649  0  1  1  0  1
Tm    Se    0.00000    3.18649  0  1  1  0  1
Tm    Te    0.00000    3.37649  0  1  1  0  1
Tm     F    0.00000    2.51649  0  1  1  0  1
Tm    Cl    0.00000    2.98944  0  1  1  0  1
Tm    Br    0.00000    3.13945  0  1  1  0  1
Tm     I    0.00000    3.37945  0  1  1  0  1
Tm     N    0.00000    2.74649  0  1  1  0  1
Tm     P    0.00000    3.13649  0  1  1  0  1
Tm    As    0.00000    3.22649  0  1  1  0  1
Tm     H    0.00000    2.45649  0  1  1  0  1
 U     O    0.00000    2.94295  0  1  1  0  1
 U     S    0.00000    3.25293  0  1  1  0  1
 U     F    0.00000    2.80293  0  1  1  0  1
 U    Cl    0.00000    3.24452  0  1  1  0  1
 U    Br    0.00000    3.39452  0  1  1  0  1
 U     I    0.00000    3.62452  0  1  1  0  1
 U     N    0.00000    2.78649  0  1  1  0  1
 U    Se    0.00000    3.00644  0  1  1  0  1
 U    Te    0.00000    3.16644  0  1  1  0  1
 U     P    0.00000    2.94644  0  1  1  0  1
 U    As    0.00000    3.02644  0  1  1  0  1
 U     H    0.00000    2.27644  0  1  1  0  1
 V     O    0.00000    2.84939  0  1  1  0  1
 V    Cl    0.00000    3.15293  0  1  1  0  1
 V     S    0.00000    2.82293  0  1  1  0  1
 V     F    0.00000    2.87293  0  1  1  0  1
 V    Br    0.00000    2.87329  0  1  1  0  1
 V     N    0.00000    2.38329  0  1  1  0  1
 V     I    0.00000    2.66642  0  1  1  0  1
 V    Se    0.00000    2.48642  0  1  1  0  1
 V    Te    0.00000    2.72642  0  1  1  0  1
 V     P    0.00000    2.46642  0  1  1  0  1
 V    As    0.00000    2.54642  0  1  1  0  1
 V     H    0.00000    1.73642  0  1  1  0  1
 W     O    0.00000    2.20102  0  1  1  0  1
 W     F    0.00000    2.03000  0  1  1  0  1
 W    Cl    0.00000    2.47000  0  1  1  0  1
 W    Br    0.00000    2.49998  0  1  1  0  1
 W     I    0.00000    2.70998  0  1  1  0  1
 W     S    0.00000    2.43998  0  1  1  0  1
 W    Se    0.00000    2.55998  0  1  1  0  1
 W    Te    0.00000    2.75998  0  1  1  0  1
 W     N    0.00000    2.10998  0  1  1  0  1
 W     P    0.00000    2.50998  0  1  1  0  1
 W    As    0.00000    2.58998  0  1  1  0  1
 W     H    0.00000    1.80998  0  1  1  0  1
Xe     O    0.00000    2.63451  0  1  1  0  1
Xe     F    0.00000    2.62649  0  1  1  0  1
 Y     O    0.00000    2.62549  0  1  1  0  1
 Y     S    0.00000    3.08649  0  1  1  0  1
 Y    Se    0.00000    3.21649  0  1  1  0  1
 Y    Te    0.00000    3.40649  0  1  1  0  1
 Y     F    0.00000    2.51049  0  1  1  0  1
 Y    Cl    0.00000    3.00649  0  1  1  0  1
 Y    Br    0.00000    3.15649  0  1  1  0  1
 Y     I    0.00000    3.37649  0  1  1  0  1
 Y     N    0.00000    2.77649  0  1  1  0  1
 Y     P    0.00000    3.17649  0  1  1  0  1
 Y    As    0.00000    3.24649  0  1  1  0  1
 Y     H    0.00000    2.46649  0  1  1  0  1
Yb     O    0.00000    2.74551  0  1  1  0  1
Yb     N    0.00000    2.84851  0  1  1  0  1
Yb     S    0.00000    3.03649  0  1  1  0  1
Yb    Se    0.00000    3.16649  0  1  1  0  1
Yb    Te    0.00000    3.36649  0  1  1  0  1
Yb     F    0.00000    2.50649  0  1  1  0  1
Yb    Cl    0.00000    2.98249  0  1  1  0  1
Yb    Br    0.00000    3.12945  0  1  1  0  1
Yb     I    0.00000    3.37945  0  1  1  0  1
Yb     P    0.00000    3.13649  0  1  1  0  1
Yb    As    0.00000    3.19649  0  1  1  0  1
Yb     H    0.00000    2.42649  0  1  1  0  1
Zn     O    0.00000    2.41693  0  1  1  0  1
Zn     S    0.00000    2.80293  0  1  1  0  1
Zn    Se    0.00000    2.93293  0  1  1  0  1
Zn    Te    0.00000    3.16293  0  1  1  0  1
Zn     F    0.00000    2.38293  0  1  1  0  1
Zn    Cl    0.00000    2.72293  0  1  1  0  1
Zn    Br    0.00000    2.86293  0  1  1  0  1
Zn     I    0.00000    3.07293  0  1  1  0  1
Zn     N    0.00000    2.43293  0  1  1  0  1
Zn     P    0.00000    2.86293  0  1  1  0  1
Zn    As    0.00000    2.95293  0  1  1  0  1
Zn     H    0.00000    2.13293  0  1  1  0  1
Zr     O    0.00000    3.09651  0  1  1  0  1
Zr     F    0.00000    2.99651  0  1  1  0  1
Zr    Cl    0.00000    3.33651  0  1  1  0  1
Zr     S    0.00000    2.91004  0  1  1  0  1
Zr    Se    0.00000    3.03004  0  1  1  0  1
Zr    Te    0.00000    3.17004  0  1  1  0  1
Zr    Br    0.00000    2.98004  0  1  1  0  1
Zr     I    0.00000    3.19004  0  1  1  0  1
Zr     N    0.00000    2.65004  0  1  1  0  1
Zr     P    0.00000    3.02004  0  1  1  0  1
Zr    As    0.00000    3.07004  0  1  1  0  1
Zr     H    0.00000    2.29004  0  1  1  0  1